[1845, 14.35, 14.1924728125, 14.5075271875],
[1855, 14.3555555556, 14.1750213688, 14.5360897423],
[1865, 14.4388888889, 14.1833333333, 14.6944444444],
[1875, 14.4277777778, 14.2782930661, 14.5772624894],
[1885, 14.3277777778, 14.1324622685, 14.523093287],
[1895, 14.2888888889, 14.0568820776, 14.5208957002],
[1905, 14.2944444444, 14.0719446178, 14.5169442711],
[1915, 14.4166666667, 14.2924406679, 14.5408926654],
[1925, 14.5944444444, 14.4292659028, 14.7596229861],
[1935, 14.6388888889, 14.3941920495, 14.8835857283],
[1945, 14.5666666667, 14.3046705306, 14.8286628027],
[1955, 14.6111111111, 14.4123495131, 14.8098727091],
[1965, 14.7722222222, 14.4192804406, 15.1251640039],
[1975, 15.0777777778, 14.9270593337, 15.2284962218],
[1985, 15.2388888889, 14.9664966517, 15.511281126],
[1995, 15.3833333333, 15.1586250176, 15.6080416491],
